10101001 01101000 11000110 00011111 00101001 00000100 11000001 11010001
10100000 00010111 01011100 11101100 10001110 10001111 01100110 00011011
11110111 11011011 11100110 11110011 01000101 00111111 01100111 00111001
10110101 10100010 10011101 11011100 11101010 11011101 01110110 01110000
11101011 01000000 01001010 01101010 00110110 11010010 11010110 10110111
10101001 11000100 01100110 11010000 11100000 01111010 11100101 10100101
01101010 10000000 11001010 01111100 10010001 11010011 00110101 00010110
01011111 11010000 10000001 00111111 00011110 11111110 10111101 01010011
10000110 00011011 11010111 00110011 11100111 10110001 11101010 11111111
00000011 10111000 11011001 00111010 01001010 10101010 00001111 00010001
00011100 11011111 00111001 01110010 00101011 00000110 10101011 10100001
11101001 10101001 11011111 00011100 10001000 10001001 00011110 01111110
01011111 10000101 00000100 11011000 00110001 10110100 01111000 00000100
01001101 11001111 10011000 01000001 00010111 01000110 11001011 11100011
11101010 01111000 11110101 00100101 10101111 11000010 10100111 11011100
00010011 01011011 00010110 01101100 00101000 01100101 10100111 00100010
11010110 11101011