01101100 00010100 01001110 01011101 11000011 11010000 10100111 10101000 01110001 10101011 01011100 11010000 11100000 01011011 00101110 10000000 01010001 01001100 01011111 00011100 11011101 00000000 10111010 11101011 01011000 00001110 01111110 01010100 11001101 10110100 10000011 10100001 11001101 11111000 11111111 01010001 00010111 00111010 11000010 10001010 11100100 01100011 11111111 01011100 00000101 00100010 00111100 11010110 10001100 11011101 00010100 00111101 10100010
01100111 01000001 01000100 00010010 11001110 10010001 11110011 10111001 00101000 10101000 00010101 11010111 11100001 01001111 00100010 10000011 01010100 01001010 00010101 00011011 11011010 00000111 10111010 11111111 00001000 00001101 00111011 01011101 11010101 11111101 10011011 10101100 11000111 11100110 11101111 01001000 00011010 01110011 11011101 10000100 10101001 00110011 10101100 01010100 00000001 00100110 00100000 10010111 10010101 11000110 00010100 00110101 11100110
01100111 01010101 01010101 00010010 11011000 11000011 11100000 10101001 01100101 10100011 00010010 11000110 11101010 01000010 00101010 10001010 01011001 00000011 00010101 00010000 11011101 00000000 10110100 11111000 00010110 00000001 01101111 01001000 11001110 11110001 11010000 10110110 11001011 11101111 11100011 00000010 00000001 01110011 11011001 10001110 10110011 00110101 10111100 01011110 00011101 00101100 00111000 11010110 10001001 11011101 00001011 00100010 10111111
01100111 01010101 01010101 00010010 11001010 11011000 11100010 11111100 01110010 10111111 00010110 11010111 10100101 01001111 01101011 10001101 01001101 01011111 01010100 01011001 11000011 00011101 10110100 11100100 00010001 00000001 01111111 01011101 11000000 10110100 10011110 10111010 10001110 11101001 11110101 01001100 00011000 00111010 11010000 11010100 11100100 01111100 10010101 01010000 00000001 01110101 00110111 10011001 10011110 11001110 00001101 00101100 10110001
01101110 01011100 01001001 01011011 11010101 11011110 11110000 10110011 00101000 10101011 00010011 11011000 11100100 00010101 00100110 10001111 01010100 01000000 01000110 00011010 10010011 00010000 10111110 10101010 00001100 00000001 01110001 00000111 11001010 11110111 10010101 10110101 11010111 10100010 11110110 01000111 00011100 00111111 11010100 11001011 10110011 01111100 10110100 01010000 00011000 00100001 00111010 10011000 10011000 11001100 00000110 01111000 11111001
00010010 00010100 01110010 01000111 11011101 11001011 11101110 10111001 00101000 10110001 01011100 11100010 11101010 01011001 00111000 10000101 01011101 00001111 01000110 00011000 10010011 00001110 10110000 11111101 00010001 00010111 01101111 01001001 11010000 10110100 11001111 11111011 11000011 11101101 11101101 01001011 01011011 00100100 11000101 10011001 10101011 00101111 10101011 00011111 01001010 01101010 01110101 10100101 10000011 11001100 00010100 00111101 10100001
01101000 01000100 01010111 01000001 11010010 11011110 11110111 10111101 01111100 11100110 00001110 11010111 11100100 01010010 00111110 10001100 01011101 00001111 01011011 00011000 10010011 00010111 10111110 11100111 00010001 00001010 01111100 00000111 11010110 11100001 10000100 11111011 11000101 11110001 10110100 00000010 00111000 00111011 11010100 10011001 10100101 00110001 10101100 01001000 01000100 01110101 01110101 10111100 10001100 11010101 01001110 00101111 11100110
01100110 01011011 01010000 01000110 11001100 11001011 11101101 10110011 01111111 10100111 00010010 11001011 10100101 01001111 00101010 10010001 01010111 01001011 01011011 00010000 11011000 01010100 10101011 11100101 00001011 00010000 01111010 01001011 10011001 11100011 10000010 10111010 11010100 10100010 11100000 01000111 01011011 00100000 11000010 10000100 10101110 00111101 11111111 01011111 00000101 00110010 00110100 11010110 10010110 11001011 00001011 00101011 10101010
01111001 01010101 01010101 00010010 11011011 11001000 11101011 10110011 00101000 10110010 00011001 11001000 10100101 01000101 00100100 10000010 01011011 01010101 01010100 00001010 10010011 00011101 10111111 11101011 00001101 00000011 01101110 01010101 11011000 11110111 10001001 10110001 11000000 11100111 11110000 00000010 00011100 00111010 11010000 10011001 10101111 00110101 11111111 01011111 00001011 01110101 00011001 10010111 10000011 11000110 00001011 00110110 10101101
01100111 01010101 01010101 00010010 11010100 11011110 11110000 10110101 00100100 11100110 00001100 11000000 11101010 01011111 00101110 10001101 01001100 00001111 01011111 00011100 11000000 00000000 11110001 11111010 00010111 00000000 01100001 01001110 11011100 11111000 10011111 10110101 11010111 10100010 11110100 01000011 01011011 00111000 11011100 10000111 10101111 00111101 11111111 01010111 00001011 00101111 01111001 11010110 10010010 11011011 00000001 00101010 10100011
01100111 01010101 01010101 00010010 11011101 11011110 11110000 10110101 01101001 10100010 00001001 11011000 11100000 00010101 00111000 10001111 01011101 00001111 01110100 00101010 11101001 00010000 10101011 11100011 00011101 00001010 01110101 01001110 11010010 10111000 11010000 10111010 11011011 11110110 11110101 01010000 00011110 00111110 10010101 10011011 10110110 00100110 10111010 01011101 00000101 00111000 00111010 10000001 10011100 11001000 00000001 01111000 10110110
01100011 01011011 01001001 01001011 10011001 11000101 11110101 10111001 01100110 10100011 00001110 10010010 11001001 01010000 00101100 10001111 01010001 00001111 01100010 00011000 11000001 00000111 10101011 11101011 00001111 00000101 00111011 01011101 11011000 11100100 10011111 10101100 11000111 11100011 11111110 01000011 00010111 01110011 11000010 11001011 10110011 00100101 10101000 01011000 00001011 00110001 00110100 10010101 10010001 10000011 01001110 00100010 10100011
01100111 01010101 01010101 00010010 11011011 11011110 11100000 10111101 01101011 10110010 00001011 11011101 10100101 01001111 00100110 10001111 01011101 01000001 01011100 00011000 10010011 00010111 10101011 11100110 00010111 00010011 01110010 01000010 11010010 11110101 11001111 11111011 11101101 11111000 11100011 00000010 00001011 00111010 11010000 10000101 10101101 00111101 10111011 01001011 00001111 01110101 00100111 10001100 10011100 11001100 00010100 00100001 10110001
01111111 01001110 01011011 01011001 11010110 11011100 11101000 11111100 01111011 10101101 00001110 11010011 11100001 01001111 00100010 10001001 01010110 01010110 00010101 00000011 10010011 00111111 10110000 11100100 00011011 00000001 01110111 01000110 11001011 11111101 10011001 11111011 11111110 11110000 11111111 01011000 00000010 00110111 11010000 10000101 10110000 00111101 11111111 01011110 00001000 00100111 00110100 10001100 11011001 11000010 00000111 00111101 10110001
01100011 01011011 01001001 01010011 10011001 11011100 11101110 10110011 01111100 10101010 00011101 10010010 11110010 00010101 00101111 10010100 01001101 01010101 01001100 00010111 11011010 00010001 11110001 11100101 00011100 01000100 01101001 01000110 11000011 11100001 11010000 10101100 11010100 11101011 11111111 01001110 00011010 01110011 11000110 10000010 10100001 01111100 10111011 01011110 01001010 00100111 00111010 10010100 10010110 11011011 00010111 01110110 11100110
01100110 01000001 01001110 01000111 11010011 11010000 11100100 11111100 01101010 10101111 00010000 11010111 11110001 01001100 01101011 10001000 01011001 00001111 00010111 00111011 11011100 00000111 10111010 11101011 01011010 01000100 01111000 01011101 11000000 10110100 11010010 10011111 11001111 11101100 11101111 01010110 00011110 01110011 11100010 11000101 11100110 01111100 10100101 01010000 00011101 00100110 00101111 10010011 11011001 11000010 00000001 00101111 10101111
01101110 01001110 01001011 01011000 11011100 10010001 11110100 10110101 01101101 11100110 00010011 11000001 11111111 01000000 00100000 10000111 01010110 01010110 00010101 00010011 11010010 00011111 10111110 10101010 00001011 00010000 01111010 01001011 11000000 10110100 10010010 10100010 11011001 11100011 11110110 01000111 00011000 01110011 11100001 10001110 10100101 00101000 10101101 01000100 01001010 00000101 00111010 10011010 10010110 11000001 00000111 00111001 11100110
01110111 01000011 01000111 01010001 11010000 11010100 11110100 10110111 01100001 10100011 00010110 10010010 11110001 01010100 00100000 10010010 01000001 01000100 01011100 01011001 11000000 00011101 10110100 10101010 00010110 00001101 01111110 00000111 11000011 11111001 10011001 10111110 11000000 11101011 11111011 00000010 01000100 01110011 11000001 10000111 10110001 00110001 10111110 01010010 00010000 00101100 01110101 10010100 10010000 11011100 00000101 00101101 10110110
01111101 01011011 01010010 01000001 11010010 11011000 10100111 10010111 01100111 10110101 00011111 11011011 11101010 01011001 01101011 10001000 01010001 01001010 00010101 00000011 11010010 00011001 10111000 11101111 00001010 00011110 01111010 00000111 11011010 11101110 10010101 10110000 11001111 11100001 10111010 01001100 00011010 01110011 11010001 10001110 10100111 00100101 10100101 01011011 00001111 01110101 00000010 10010111 10001101 11010110 00000101 00111001 10101000
00010010 00010100 01111100 01010011 11001011 11010101 11111101 10110011 00101000 10110101 00010101 11010111 10100101 01001111 01101011 10010010 01011101 01001000 01011010 01011001 11010000 00011101 10110100 11111001 00000010 00000001 00111011 00011000 10011001 11111111 10011111 10110110 11001011 11101100 11101110 01010111 00010001 00110110 10010101 10011100 11100100 00101110 10110000 01001011 00000111 00111010 00100010 10011111 10011100 10001111 00010100 01111000 10000111
01111110 01001110 01001001 01010111 11011101 10011101 10100111 10010100 01101001 10101010 00011001 11011000 11100110 01011100 00100100 11000110 01010001 00001111 01110010 00011000 11000001 00010000 10111000 11101011 00001011 01000100 01110101 01000110 10011001 11110011 10010001 10110111 11000111 10100010 11010101 01010000 00010111 00110110 11011011 10011110 11100100 01110100 10011011 01100100 00110000 00011010 01110101 10101100 10111101 11100101 00101011 00011011 11101111